http://purl.uniprot.org/uniprot/I6L971 65 68 74 75
http://purl.uniprot.org/uniprot/O32462 11 120 123 124 182 213 214 221 272 274 278 357 360 361 464
http://purl.uniprot.org/uniprot/O33838 387 388 395 413 414 415 420 423 424 427 429
http://purl.uniprot.org/uniprot/O85465 61 65 66 293
http://purl.uniprot.org/uniprot/P00490 68 113 114 115 116 117 119 257 260 261 269 308 310 346 347 349 350 351 352 421 450 535 536 537 538 539 540 576 578 579 637 638 639 640 641 642 739
http://purl.uniprot.org/uniprot/P00690 73 74 75 77 78 113 116 119 120 121 122 166 176 177 178 179 180 210 212 213 215 216 248 250 255 314 315 320 321 322
http://purl.uniprot.org/uniprot/P00691 99 100 101 103 104 140 143 146 171 182 183 185 215 217 218 220 221 249 251 252 253 309 310 314
http://purl.uniprot.org/uniprot/P00692 33 34 35 67 68 123 124 125 127 286 288
http://purl.uniprot.org/uniprot/P00693 254 258 302 303 327 328
http://purl.uniprot.org/uniprot/P02185 102 106 133 137 140
http://purl.uniprot.org/uniprot/P02870 110 111 127 128 129 130 153 155 245 246 247 248
http://purl.uniprot.org/uniprot/P02943 31 33 58 66 68 98 99 107 131 134 141 143 146 148 269
http://purl.uniprot.org/uniprot/P02945 76 77 78 79 80 81 82 83 93 140 142 143
http://purl.uniprot.org/uniprot/P07987 159 161 165 193 198 199 201 202 205 206 244 245 290 293 327 328 329 377 391 419 420 423 424 425 451 452
http://purl.uniprot.org/uniprot/P08246 78 79 80 81 89 90 91 92 93 94 96 97 98 99 100 124 125
http://purl.uniprot.org/uniprot/P08709 109 112 113 114 126 128
http://purl.uniprot.org/uniprot/P0AEK4 40 64 66 94 119
http://purl.uniprot.org/uniprot/P0CS93 198 199 516 518 521 525 527 572
http://purl.uniprot.org/uniprot/P10538 18 21 54 56 90 92 94 95 96 99 100 102 185 186 187 193 195 199 201 296 298 299 301 302 343 344 347 352 381 382 383 384 420 421
http://purl.uniprot.org/uniprot/P10844 1189 1190 1239 1240 1241 1242 1258 1259 1260 1262 1263
http://purl.uniprot.org/uniprot/P13507 46 83 85 86 87 97 99 100 135 138 177 178 179 180 181 182 212 214 215 240 314 315 326 328
http://purl.uniprot.org/uniprot/P14769 195 199 202 225 281 314 315 316 317 361 365
http://purl.uniprot.org/uniprot/P16098 15 18 51 53 87 89 91 92 93 96 97 99 182 183 184 293 340 378 379 380 417 418
http://purl.uniprot.org/uniprot/P16404 112 114 115 132 133 157 159 242 243 244 245 248
http://purl.uniprot.org/uniprot/P23827 21 22 26 27 28 35 42 46 48 51 52 59 60 61 72 73 78 95 99 100 101 102 103 104 106 109 110 120 147 148 150
http://purl.uniprot.org/uniprot/P29957 70 71 72 74 75 110 113 116 117 148 151 163 164 165 166 196 198 199 201 202 224 226 228 231 287 288 293 294 336
http://purl.uniprot.org/uniprot/P35247 341 343 345 349 361 362 363
http://purl.uniprot.org/uniprot/P36924 200 202 204 208 216 233 251 253 255 260 261 262 263 264 265 266 269 270 273 274 275 277 279 319 320 321 322 323 360 361 364 399 400 525 527
http://purl.uniprot.org/uniprot/P37698 65 73 74 75 82 83 84 138 139 140 141 143 154 183 207 209 210 212 242 244 251 253 255 256 257 258 259 303 304 327 328 330 339 341 343 352 431 432 440 443 446 490 491 523 526 571 572 573 638 640
http://purl.uniprot.org/uniprot/P37700 161 162 163 418 419 420 421
http://purl.uniprot.org/uniprot/P38940 45 83 110 111 112 205 207 244 247 289 292 295 326 328 329 331 332 357 359 377 423 424 468 472
http://purl.uniprot.org/uniprot/P40943 191 231 232 264 266 269 301 356
http://purl.uniprot.org/uniprot/P43379 48 74 121 124 125 127 128 167 170 221 222 223 224 254 256 257 284 354 355 398 402 438 439 440 441 442 472 473 474 475 625 626 627 628 629 630 643 654 655 660 663 676 678 689 690 691 692 694
http://purl.uniprot.org/uniprot/P46926 23 26 27 28 33 132 234
http://purl.uniprot.org/uniprot/P48845 120 337 338 349 407 408 429 451 452 459 481 483 485 486 497
http://purl.uniprot.org/uniprot/P49235 92 196 197 244 245 248 252 259 315 385 387 432 460 511 518 519 527
http://purl.uniprot.org/uniprot/P56680 54 106 108 143 145 147 171 173 174 175 177 197 199 202 213 345 347
http://purl.uniprot.org/uniprot/P58300 66 67 68 71 118 119 121 122 125 169 212 213 214 215 263 283 319 356 388 398 402
http://purl.uniprot.org/uniprot/P62694 192 231 234 243 245 275 276 277 279 284 384 393 398 411
http://purl.uniprot.org/uniprot/Q00001 423 424 425
http://purl.uniprot.org/uniprot/Q07982 286 287 288 306 307 308
http://purl.uniprot.org/uniprot/Q24368 827 828 829 830 831 832
http://purl.uniprot.org/uniprot/Q26609 144 145 146 161 162 196 197 198 217 221 222 223 249 280 283
http://purl.uniprot.org/uniprot/Q48436 63 64 67 68 123 127
http://purl.uniprot.org/uniprot/Q57366 49 51 60 74 75 76 443 446 464 551 555 607 608 609 611 784 785 786 789 792
http://purl.uniprot.org/uniprot/Q7LYT7 316 318 319 321 341 345 346
http://purl.uniprot.org/uniprot/Q8GSD2 93 94 112 113 114 115 140 142 144 145 146 227 228 229 230
http://purl.uniprot.org/uniprot/Q91CD4 109 143 145 146 147 148 149 150 161 163 164 193 194 198 201 202 234 236
http://purl.uniprot.org/uniprot/Q9AVR2 322 323 324 325 326 335 337 342 344 345 413
http://purl.uniprot.org/uniprot/Q9C171 379 451
http://purl.uniprot.org/uniprot/Q9FVF8 85 86 104 105 106 107 130 135 136 138 219 220 223
http://purl.uniprot.org/uniprot/Q9QM22 34 35 78 79 80
http://purl.uniprot.org/uniprot/Q9XEI3 79 80 81 82 120 169 183 231 232 275 278 310 311 341 455 516
http://purl.uniprot.org/uniprot/Q9ZB17 60 71 90 95 96 170 172 203 243 277 279 302 304
