http://purl.uniprot.org/uniprot/I6L971 65 68 74 75
http://purl.uniprot.org/uniprot/O05891 8 9 10 11 12 13 14 15 94 149 153
http://purl.uniprot.org/uniprot/O32462 11 120 123 124 182 213 214 221 272 274 278 357 360 361 464
http://purl.uniprot.org/uniprot/O33838 387 388 395 413 414 415 420 423 424 427 429
http://purl.uniprot.org/uniprot/O60880 13 32 33 34 35 36 37 42 53 55
http://purl.uniprot.org/uniprot/O61363 2551 2553 2555 2802 2803 2804 2805 2806 2833 2835 2837 2877 2880 2881 2884
http://purl.uniprot.org/uniprot/O74213 40 41 42 43 44 45 46 47 48 49 50 52 53 55 56 57 59 60 61 62 63 65 67 70 73 74 78 83 84 85 86 87 89 98 99 176
http://purl.uniprot.org/uniprot/O75015 138 140 150 173
http://purl.uniprot.org/uniprot/O85465 61 65 66 293
http://purl.uniprot.org/uniprot/P00489 135 136 137 140 284 285 378 402 404 405 406 408 409 412 413 426 427 430 432 434 438 456 485 574 575 673 674 675 676 677
http://purl.uniprot.org/uniprot/P00490 68 113 114 115 116 117 119 257 260 261 269 308 310 346 347 349 350 351 352 421 450 535 536 537 538 539 540 576 578 579 580 637 638 639 640 641 642 739
http://purl.uniprot.org/uniprot/P00533 37 115 344 345 347 348 349 350 352 354 355 374 379 382 384
http://purl.uniprot.org/uniprot/P00690 73 74 75 77 78 113 116 119 120 121 122 166 176 177 178 179 180 210 212 213 215 216 248 250 252 253 255 276 287 291 294 298 299 300 314 315 320 321 322 333 334 337 390 391 392 398 402 403 404 405 407 499
http://purl.uniprot.org/uniprot/P00691 99 100 101 103 104 140 143 146 171 182 183 185 215 217 218 220 221 249 251 252 253 309 310 314
http://purl.uniprot.org/uniprot/P00692 33 34 35 42 67 68 78 82 85 86 99 123 124 125 127 131 134 135 136 137 138 139 167 193 194 196 220 224 226 227 228 229 230 260 262 263 265 266 286 288 292 294 295 296 321
http://purl.uniprot.org/uniprot/P00693 34 69 70 71 72 74 76 77 80 114 117 119 120 121 129 154 155 168 169 170 171 172 202 204 205 207 229 231 232 233 247 251 254 255 258 263 293 295 302 303 314 315 320 322 327 328 399 401 403 404 405 406 407 410 416 419 420 421 422 423 424 426
http://purl.uniprot.org/uniprot/P00736 321 322 323 324 325 326 484 512 513 514 515 516 518
http://purl.uniprot.org/uniprot/P00749 199 208 209 224 225 238 241 247 251 253 272 284 328 372 373 374 375 376 395
http://purl.uniprot.org/uniprot/P00760 47 48 63 196 197 198 199 200
http://purl.uniprot.org/uniprot/P00798 1 2 3 4 5 6 7 149 169
http://purl.uniprot.org/uniprot/P01135 81
http://purl.uniprot.org/uniprot/P01854 187 189 215 218 220 222 223 224 225 226 228 236 237 238 240 242 243 273 275 277 279 283 308 354 355 356 368 373 374 375 377
http://purl.uniprot.org/uniprot/P01857 114 116 117 118 122 123 124 125 126 127 128 129 132 139 140 141 142 143 145 147 148 173 178 179 180 181 182 184 186 188 217
http://purl.uniprot.org/uniprot/P01869 108 109 110 111 118 119 120 121 122 123 126 135 136 137 139 141 142 173 174 175 176 177 178 182 211 213
http://purl.uniprot.org/uniprot/P01876 228 229 321 322 325 326
http://purl.uniprot.org/uniprot/P02185 102 106 133 137 140
http://purl.uniprot.org/uniprot/P02678 264 341
http://purl.uniprot.org/uniprot/P02699 4 5 9 15 17 18 19 20 21 22 25
http://purl.uniprot.org/uniprot/P02788 129 154 156 171
http://purl.uniprot.org/uniprot/P02866 118 119 137 138 139
http://purl.uniprot.org/uniprot/P02867 69 110 111 127 128 129 130 153 155 245 246 247 248
http://purl.uniprot.org/uniprot/P02870 110 111 127 128 129 130 153 155 245 246 247 248 249
http://purl.uniprot.org/uniprot/P02872 103 105 106 126 127 148 150 152 233 234 235 236 237
http://purl.uniprot.org/uniprot/P02943 30 31 33 58 66 68 92 98 99 107 131 133 134 136 138 141 143 146 148 269 383 443 445
http://purl.uniprot.org/uniprot/P02945 76 77 78 79 80 81 82 83 93 140 142 143
http://purl.uniprot.org/uniprot/P03315 949 951 956 1140
http://purl.uniprot.org/uniprot/P03437 181 183 203 223 235 236 237 238 243 258 260
http://purl.uniprot.org/uniprot/P03442 238
http://purl.uniprot.org/uniprot/P04122 38 39 75 77 78 79 80 81 96 97 98 99 100 123 124 125 126 135
http://purl.uniprot.org/uniprot/P04745 73 74 75 77 78 119 145 146 147 149 150 155 166 174 177 178 180 186 187 189 191 210 212 213 215 216 218 220 221 248 250 252 255 276 286 287 291 294 298 299 300 315 316 320 321 322 333 337 358 392 398 403 404 405
http://purl.uniprot.org/uniprot/P04746 73 74 75 77 78 113 116 119 120 166 177 178 179 180 210 212 213 215 216 248 250 255 314 315 320 321 322
http://purl.uniprot.org/uniprot/P04963 162 170 171 172 173 176 180 198 199 200 202 203 221 222 223 224 255 256 257 259 260 261 262 263 264 266 267 270 271 272 273 274 282 285 286 287 288 304 305 314 315 316
http://purl.uniprot.org/uniprot/P05154 122 123 126 181 204 206 361
http://purl.uniprot.org/uniprot/P05164 198 199 474 475 480 483 485 486 601 604 605 606 607 663 667 670 671 674
http://purl.uniprot.org/uniprot/P05979 140 144 146 147 216 220 238 239 242 243 270
http://purl.uniprot.org/uniprot/P06280 33 34 35 38 192 195 196 197
http://purl.uniprot.org/uniprot/P06737 136 137 140 378 456 485 675 676 677 678
http://purl.uniprot.org/uniprot/P06820 95 96 97 197 200 201 202 216 217 321 361 366 375 376 377 378 379 390 391 392 393 394 395 396 399 400 401 452 453 454 455 456 457 458
http://purl.uniprot.org/uniprot/P07267 142 143 144 146 161 163 174 175 176 177 203 208 209 210 211 215 216 219 220 226 394 395 397
http://purl.uniprot.org/uniprot/P07339 133 134 136 151 153 178 204 205 209 210 211 212
http://purl.uniprot.org/uniprot/P07975 31 33 34 35 36 38 433 434 435 436 439 500 501 504 508 547 549 552 556
http://purl.uniprot.org/uniprot/P07987 109 111 112 113 119 120 121 126 127 129 130 131 133 134 135 136 137 138 139 141 142 143 145 146 149 150 152 153 159 161 165 183 184 185 186 193 198 199 201 202 205 206 244 245 280 290 293 318 327 328 329 377 391 419 420 423 424 425 434 451 452 456
http://purl.uniprot.org/uniprot/P08191 22 34 35 66 67 68 69 73 75 154 155 156 159 161 163
http://purl.uniprot.org/uniprot/P08236 51 53 54 55 59 96 97 98 128 129 173 174 175 177 178 185 186 187 188 190 197 198 199 200 416
http://purl.uniprot.org/uniprot/P08246 78 79 80 81 89 90 91 92 93 94 96 97 98 99 100 124 125
http://purl.uniprot.org/uniprot/P08661 208 210 212 216 228 229 230
http://purl.uniprot.org/uniprot/P08709 109 112 113 114 126 128
http://purl.uniprot.org/uniprot/P08902 12 13 14 15 16 21 97 98 99 100 168 207 208 226 227 228 229
http://purl.uniprot.org/uniprot/P0A786 52 53 55 56 81 85 106 128 129 135 138 166 167 168 169 229 230 231 232 234 235 266 267 268 269 297
http://purl.uniprot.org/uniprot/P0AEK4 40 64 66 94 119
http://purl.uniprot.org/uniprot/P0AEX9 38 40 41 70 71 87 88 89 91 92 137 176 178 179 180 181 182 236 256 288 356 366 367 370
http://purl.uniprot.org/uniprot/P0CS93 198 199 516 518 521 525 527 572
http://purl.uniprot.org/uniprot/P10538 18 21 54 56 90 92 94 95 96 99 100 102 185 186 187 189 193 195 199 201 296 297 298 299 300 301 302 343 344 347 351 352 353 381 382 383 384 385 386 420 421
http://purl.uniprot.org/uniprot/P10844 1189 1190 1239 1240 1241 1242 1258 1259 1260 1262 1263
http://purl.uniprot.org/uniprot/P11116 45 47 49 53 54 55 60 62 69 72 74
http://purl.uniprot.org/uniprot/P11261 58 59 60 72 74 75 76 79 157 160 193 198 200
http://purl.uniprot.org/uniprot/P11542 242 257 258 259 260 278 281 321 323 335 336 337 338 339 344 346 347 349 350 351 359 360 361 362 363 364
http://purl.uniprot.org/uniprot/P12306 28 29 30 31
http://purl.uniprot.org/uniprot/P12307 28 29 30 31
http://purl.uniprot.org/uniprot/P12319 66 67 85 86 87 88 89 90 106 107 108 110 111 142 144 154 188
http://purl.uniprot.org/uniprot/P12337 253 256 258 329 332 333 336 385 389 391 435 550 553
http://purl.uniprot.org/uniprot/P13036 171 188 189 204 209 211 213 366 398 402 404 411 413 415 450 452 471 552 554 600 601 603 606 753 754
http://purl.uniprot.org/uniprot/P13507 46 83 85 86 87 89 97 99 100 135 138 177 178 179 180 181 182 212 214 215 240 314 315 326 328
http://purl.uniprot.org/uniprot/P13689 50 51 55 56 57 58 60 61 62 63 64 65 66 83 84 85 87 90 105 106 107 132 133 154 156
http://purl.uniprot.org/uniprot/P14769 195 199 202 225 281 314 315 316 317 361 365
http://purl.uniprot.org/uniprot/P15309 34 36 73 76 77 80 91 94 95 180 218 219 220 236 237 275 304 306 307 309 320 325 331 333 334 335 340
http://purl.uniprot.org/uniprot/P15529 83 85 109 110 111 112 113 114 121 122 124 128 129 138 140
http://purl.uniprot.org/uniprot/P15587 16 54 90 94 135 137 181 215 217 220 245 255 287
http://purl.uniprot.org/uniprot/P16098 15 18 51 53 87 89 91 92 93 96 97 99 182 183 184 293 340 378 379 380 417 418
http://purl.uniprot.org/uniprot/P16276 99 101 102 128 191 192 193 194 452 474 479 595 604 607 668 669 670 671
http://purl.uniprot.org/uniprot/P16404 112 114 115 132 133 157 159 242 243 244 245 248
http://purl.uniprot.org/uniprot/P17342 290 293 299 323 324 325 326 327 328 332 333 337 359 401 419 429 430 431
http://purl.uniprot.org/uniprot/P18075 330 331 332 334 357 370 371 372 400 427 428 429
http://purl.uniprot.org/uniprot/P19367 86 155 156 157 172 173 208 209 210 229 233 234 235 258 260 262 291 294 534 603 604 605 620 621 656 657 658 677 681 682 683 706 708 710 739 742
http://purl.uniprot.org/uniprot/P19878 3 6 7 10 32 34 35 36 37 38 39 189
http://purl.uniprot.org/uniprot/P19999 199 202 204 206 210 216 217 222 223 224
http://purl.uniprot.org/uniprot/P20004 99 101 102 128 191 192 193 194 452 474 479 595 604 607 668 669 670 671
http://purl.uniprot.org/uniprot/P20760 114 116 117 118 119 121 135 137 139 140 170 171 172 174 176 209 210
http://purl.uniprot.org/uniprot/P23776 116 154 157 158 161 162 165 244 272 273 274 275 276 278 279 325 379 380 386
http://purl.uniprot.org/uniprot/P23827 21 22 26 27 28 35 42 46 48 51 52 59 60 61 72 73 78 95 99 100 101 102 103 104 106 109 110 120 147 148 150
http://purl.uniprot.org/uniprot/P24071 53 77 78 79
http://purl.uniprot.org/uniprot/P24627 435 436 437 453 564 565 568 569 572 573 574 585 603 604 663
http://purl.uniprot.org/uniprot/P26213 35 37 41 42 44 45 46 49 50 67 197 217 218 219 246 248 266 275 298 299 300 303 327 354 358
http://purl.uniprot.org/uniprot/P26827 74 126 128 129 165 168 171 211 222 223 224 225 255 257 258 260 261 285 287 289 290 292 315 329 355 356 398 402 438 439 440 441 442 472 473 474 475
http://purl.uniprot.org/uniprot/P27809 197 199 200 203
http://purl.uniprot.org/uniprot/P28314 243 257 258 358 359 360 361
http://purl.uniprot.org/uniprot/P29460 23 24 26 32 34 105 112 211 213 220 222
http://purl.uniprot.org/uniprot/P29476 477 481 497 498 499 500 501 502 569 709 711
http://purl.uniprot.org/uniprot/P29736 292 294 295 296 297 300 301 309
http://purl.uniprot.org/uniprot/P29957 70 71 72 74 75 110 113 116 117 148 151 163 164 165 166 196 198 199 201 202 224 226 228 231 287 288 293 294 336
http://purl.uniprot.org/uniprot/P30328 81 82 138 139 140 289 290 291 292 293 387 389 391 393 394 395 397 398
http://purl.uniprot.org/uniprot/P30617 49 51 53 55 57 62 63 64 65 67 69 80 82 84 86 88 94 95 96 97 99 101 112 114 116 118 120
http://purl.uniprot.org/uniprot/P30920 55 81 131 132 134 135 171 174 228 229 230 231 261 263 264 291 361 362 405 409
http://purl.uniprot.org/uniprot/P31723 309 311 312 348 352 355 359 360 362 363 366 421 423 425 426 429 432
http://purl.uniprot.org/uniprot/P32906 93 96 97 147 151 513 515 516
http://purl.uniprot.org/uniprot/P35247 341 343 345 349 361 362 363
http://purl.uniprot.org/uniprot/P36913 53 55 57 58 59 78 79 80 81 83 97 124 126 165 167 168 225 250 252 282 284 311
http://purl.uniprot.org/uniprot/P36924 46 47 49 79 81 115 117 119 120 121 124 125 126 127 199 200 201 202 204 208 216 217 218 219 233 251 253 255 260 261 262 263 264 265 266 268 269 270 273 274 275 277 279 317 319 320 321 322 323 324 327 328 329 330 360 361 364 370 371 373 397 398 399 400 426 427 479 512 525 526 527 529
http://purl.uniprot.org/uniprot/P37698 65 73 74 75 82 83 84 138 139 140 141 143 154 183 207 209 210 212 242 244 249 251 253 255 256 257 258 259 303 304 327 328 330 339 341 343 352 431 432 435 436 440 443 446 490 491 523 526 571 572 573 638 640
http://purl.uniprot.org/uniprot/P37700 161 162 163 418 419 420 421
http://purl.uniprot.org/uniprot/P38940 45 48 83 110 111 112 167 168 203 205 207 208 244 247 289 292 294 295 326 328 329 331 332 357 359 377 423 424 468 472
http://purl.uniprot.org/uniprot/P40943 191 231 232 264 266 269 301 356
http://purl.uniprot.org/uniprot/P43379 48 74 116 121 124 125 127 128 162 164 166 167 170 171 172 173 174 175 194 206 207 208 210 211 212 214 220 221 222 223 224 254 256 257 259 260 284 286 287 288 289 291 314 317 321 322 328 354 355 356 357 398 402 438 439 440 441 442 472 473 474 475 625 626 627 628 629 630 643 654 655 660 663 676 678 689 690 691 692 694
http://purl.uniprot.org/uniprot/P45700 455 456 457
http://purl.uniprot.org/uniprot/P46926 23 26 27 28 33 132 234
http://purl.uniprot.org/uniprot/P48845 120 337 338 349 407 408 429 451 452 459 481 483 485 486 497
http://purl.uniprot.org/uniprot/P49012 219 244 258 259 362 363 364 365
http://purl.uniprot.org/uniprot/P49235 89 92 196 197 244 245 248 252 259 315 385 387 432 460 511 512 516 518 519 527
http://purl.uniprot.org/uniprot/P49424 113 121 143 162 211 212 217 218 283 285 325 360 361 367 377 379
http://purl.uniprot.org/uniprot/P49841 96 180 205 212 213 214 234 291 292
http://purl.uniprot.org/uniprot/P52687 99 101 109 112 117 122 126 127 141 143 144 145 146 150 152 167
http://purl.uniprot.org/uniprot/P55325 237
http://purl.uniprot.org/uniprot/P55915 12 13 14 16 97 98 99 100 207 208 226 227 228 229
http://purl.uniprot.org/uniprot/P56680 54 106 108 143 145 147 171 173 174 175 177 197 199 202 213 345 347
http://purl.uniprot.org/uniprot/P58300 66 67 68 71 118 119 121 122 125 169 212 213 214 215 263 283 319 356 388 398 402
http://purl.uniprot.org/uniprot/P62694 158 192 231 234 243 245 263 268 275 276 277 279 284 384 393 398 411
http://purl.uniprot.org/uniprot/P69178 21 36 50 51 52 53 73 74 75 76 82 83 84
http://purl.uniprot.org/uniprot/P69327 37 41 51 52 53 54 55 65 66 67 68 69 70 71 73 110 111 113 114 115 122 123 177 181 184 192 194 195 196 197 208 242 247 250 251 252 253 258 260 261 262 263 287 419 420 421 433 434 435 436 437 438 443 463 464 465 466 467 468 469 470 471 473 474 475 476 477 478 479 480 481 482 483 484 485 486 487 488 489
http://purl.uniprot.org/uniprot/P73925 50 53 64 65 66 67 116 117 120
http://purl.uniprot.org/uniprot/P77847 58 94 95 97 99 109 141 145 148 150 155 190 192 196 200
http://purl.uniprot.org/uniprot/P81054 218 219 220 223 224 228 347
http://purl.uniprot.org/uniprot/P81156 91 92 93 341 488 489 490 491 492 493 494 495 496 497 500 512 513
http://purl.uniprot.org/uniprot/P93343 56 63 67 129 133 136 137 140 181 182 185 189
http://purl.uniprot.org/uniprot/Q00001 101 131 133 180 182 205 207 342 343 353 365 366 372 376 377 379 381 383 385 386 387 389 390 391 392 393 398 399 401 402 403 404 405 406 408 416 417 418 419 420 421 423 424 425 426 427 428 429 430 431 432 433 435 436
http://purl.uniprot.org/uniprot/Q00017 158 159 199 200 203 207
http://purl.uniprot.org/uniprot/Q01738 27 28 67 129 130 131 132 134 229 230 231 232 233 234 235 259 439
http://purl.uniprot.org/uniprot/Q05315 53 55 63 64 65 72 73 75
http://purl.uniprot.org/uniprot/Q05769 119 126 130 132 133 201 202 206 224 225 228 229 256
http://purl.uniprot.org/uniprot/Q07982 286 287 288 306 307 308
http://purl.uniprot.org/uniprot/Q12567 92 93 128 129 130 157 302 303 304
http://purl.uniprot.org/uniprot/Q13291 281
http://purl.uniprot.org/uniprot/Q13838 89 90 91 92 93 94 95 96 97 125 132 196
http://purl.uniprot.org/uniprot/Q24368 827 828 829 830 831 832
http://purl.uniprot.org/uniprot/Q26609 144 145 146 161 162 196 197 198 217 221 222 223 249 280 283
http://purl.uniprot.org/uniprot/Q29451 81 84 90 399 400 402 403 406 458 461 462 464 465 468 469 496 499 500 786 822 823 824 826 827 828 829
http://purl.uniprot.org/uniprot/Q38783 33 54 56 58 60 62 67 70 74 86 88 90 92 94 100 103 105 107 112 118 120 122 124 126 129 132 134 135 136 137
http://purl.uniprot.org/uniprot/Q38784 22 43 45 47 49 51 56 59 63 75 77 79 81 83 89 92 94 96 101 107 109 111 113 115 118 121 123 124 125 126
http://purl.uniprot.org/uniprot/Q38789 181 196 197 202 204 206 208 209 210 211 215 216 218 220 222 234 236 238 240 242 248 251 253 255 260 266 268 269 270 272 274 277 279 280 284
http://purl.uniprot.org/uniprot/Q40423 2 4 6 8 10 15 17 18 19 20 22 33 35 37 39 41 47 49 50 52 54 65 67 69 71 73
http://purl.uniprot.org/uniprot/Q46079 199 202 233 234 257 258 260 280 282 450 461 462 463 464 465 469
http://purl.uniprot.org/uniprot/Q48436 63 64 67 68 123 127
http://purl.uniprot.org/uniprot/Q57366 49 51 60 74 75 76 443 446 464 551 555 607 608 609 611 784 785 786 789 792
http://purl.uniprot.org/uniprot/Q59288 280 299 328 329 330 331 332 415 417 421 454 455 479 480 481
http://purl.uniprot.org/uniprot/Q70KY3 92 105 106 108 137 138 191 228 229 231 232 235 236 239 240 264 313 337 339 341 355 356 357 369 370 373 374 375 376 377 378 434 474 597 600 602 603 604 605
http://purl.uniprot.org/uniprot/Q7LYT7 316 318 319 321 341 345 346
http://purl.uniprot.org/uniprot/Q7SIC2 61 83 85 97 115 117 161 184 185 186 187 188 189 190 191
http://purl.uniprot.org/uniprot/Q7SID5 27 28 29 58 62 65 66 110 112 113 114 115 116
http://purl.uniprot.org/uniprot/Q8G8Y6 17 32 46 47 48 49 69 70 71 72 78 79 80
http://purl.uniprot.org/uniprot/Q8GMV7 48 49 50 63 64 65 67 166 168 173
http://purl.uniprot.org/uniprot/Q8GSD2 53 91 93 94 110 112 113 114 115 140 142 144 145 146 227 228 229 230
http://purl.uniprot.org/uniprot/Q91CD4 109 143 145 146 147 148 149 150 161 163 164 193 194 198 201 202 234 236
http://purl.uniprot.org/uniprot/Q92456 29 37 184 242 268 269 270 271 272 273 274 275 276 277 278 341 342 344 348 349 352 358 359 360 374
http://purl.uniprot.org/uniprot/Q945K2 143 146 158 159 162 197 198 203 205
http://purl.uniprot.org/uniprot/Q9AVR2 322 323 324 325 326 335 337 342 344 345 413
http://purl.uniprot.org/uniprot/Q9C171 357 358 359 379 407 409 411 416 418 445 447 449 451 452
http://purl.uniprot.org/uniprot/Q9C1S9 136 140 144 145 149 150 153 470
http://purl.uniprot.org/uniprot/Q9FVF8 85 86 104 105 106 107 130 135 136 138 219 220 223
http://purl.uniprot.org/uniprot/Q9H2X3 319 320 321 323 324 325 356 358 359 361 363 366 370 372 373 374 377 378 379
http://purl.uniprot.org/uniprot/Q9HYN5 22 23 24 25 46 96 97 98 99 100 102 104 105 115
http://purl.uniprot.org/uniprot/Q9NNX6 307 308 310 311 312 313 344 345 347 349 351 354 358 359 360 361 362 365 366 367 368
http://purl.uniprot.org/uniprot/Q9QM22 34 35 78 79 80
http://purl.uniprot.org/uniprot/Q9QWW1 42 46 58 59 60 79 81 82
http://purl.uniprot.org/uniprot/Q9V3D4 156 220 221 222 223 262 264 271 272 277 278 281
http://purl.uniprot.org/uniprot/Q9XEI3 79 80 81 82 120 169 183 231 232 275 278 310 311 341 450 455 463 512 513 514 516 518 519 520 521 522 523 524 525 527 528 529
http://purl.uniprot.org/uniprot/Q9XFX3 138 139 141 156 158 172 198 200 201 202 206 207 210
http://purl.uniprot.org/uniprot/Q9Y286 31 41 43 44 45 46 47 98 99 105 107
http://purl.uniprot.org/uniprot/Q9Y780 175 518 520
http://purl.uniprot.org/uniprot/Q9ZB17 60 71 90 95 96 170 172 203 243 277 279 302 304
http://purl.uniprot.org/uniprot/Q9ZEU2 152 155 192 195 232 234 235 236 237 258 262 292 294 295 298 306 308 336 338 339 340 341 370 371 372 373 400 401 402 403 404 405 406 407 408 409 417 418 421 422 423 425 429 432 434 435 436 437 438 440 444 452 453 454 467 517 521 565 566 567 568 569 570 578 581 591 592 599 600 601 602 603 604
http://purl.uniprot.org/uniprot/Q9ZQY5 17 18 91 92 94 134 135 136 137 138 139
http://purl.uniprot.org/uniprot/Q9ZTA9 93 94 110 111 112 150 152 155 235 236 237 238
