1dqoA 98 101 110 112 113 114 115 116 117
1gmoC 31 32 33 34 35 45 48 50 51
1ptoI 97 98 99 100 121 160
1h7tB 18 95 97 98 173 222 223 224
1se3A 40 51 53 61 62 105 107
2vraB 22 23 72 73 74 75 107
1kccA 90 149 150 172 194 225 227 261
2cirA 56 66 80 81 85 182 202 237 243 247
1nt4B 16 20 93 195 288 289 290
2acqA 19 46 47 78 109 110 121 218 297
2x61B 50 51 52 78 80 85 128 129 131
2hyvA 61 62 250 251 290 291 292 293
1usrB 31 32 44 45 391 392 393 394 395
3dy0A 212 248 252
1bo5O 232 233 234 235
1u8xX 110 117 133 171 193 194 224 287 307 315
3pvdA 219
3hm8C 64 67 68 129 131 185 205 207 208 389 390 391 424 425
2uvjA 12 17 44 67 118 120 164 166 167 230 245 246 248 249 252 253 282 284 285
1y3pA 19 73 74 186 207 312
3c0oA 125 126 320 322 323 335
2oi6A 359 362 376
3kl3A 337 352 375 376 377
1qfoA 1 96 102 104 105 106 108
2f48B 242 243
2r66A 15 29 30 32 33 34 95 127 150 151 156 179
1e0oB 13 16 19 26 27 28 30 69
3aflA 192 197 198 201 253 309 310 313 363 364 417 461 462 466 529 554 557
3rt1B 35 42 43 188 212 218 299 300 302 303 305 306 309 339 341 345 519 532 599 602 606
3o8oF 153 154 189 196 197 198 253 281 287 290
1sidD 71 76 77 84 290 295 297
2xbo1 63 64
2vzrA 21 31 34 66 89 120
1qqp2 133 134 137
1gqlA 155 163 164 205 206 283 287 320 322 355 360 388 389 523
1o08A 7 8 9 19 23 43 44 45 46 47 48 51 75 113 114 115 116 117 144
3c2vA 142 225 254 255 256 275 276
2dkcB 25 367 368 369 386 388 390 511 513 514 515 520
3qmkB 33 88 152
1uxqA 71 78 132 153 154 155 156 183
1ktwA 95 97 135 220 275 293 313 325 366 394 396 451
2ux8F 118 178 179 198 199 211 215 239
1hm3A 291
2jcqA 23 58 59 60 76 77 78 79 80
2w9lN 31 32 62 70 71 72 73 89 169
3krgA 145 147 173 177 188 222 229 249 252 256 278 281 283 338
3i6bD 54 55 57 58 59 62 85 88 89
1z7nF 138 139 141 154 155 156 157 158 159 160 161
1ridA 213 214 215 216 217 218 219 243
2xsbA 7 8 9 38 155 159 190 194 218 220 223 225 226 253
1sz0B 323 347 384 385 390 415 418 420
3e7jA 72 121 232 382 405
3ankA 68 113 114 117 174 232 234 244 246 250 363 364 367 369
2r8tA 88 89 90 91 92 120 123 163 165 167 187 188 189 210 211 214
2wnuF 20 21 22 42 68 71 103 105
3qndG 136 140 145 146 148 150 172 173
2b0cA 12 13 14 15 20 22 113 114 147 172
2nspB 128 152 174 177 242 281
1f31A 1188 1238 1239 1240 1256 1258 1260 1261
1l1rA 60 61 62 83 98 99 100 123 124 125 126 127 128 129 130 131
1o7aF 169 252 312 313 363 382 408 410 447 449
2ds0A 17 18 28 30 108
3c9eA 3 4 5 7 8 9 169 170 171 189 190 194
3n1cD 11 13 26 28 37 38 39 42 89 91 93 104 106 137 138 255
2v73A 54 73 82 84 95 154 159 161
3igsA 76 85 159 210 214
2wu1B 0 1 257
1zagB 199 240
1hv6A 84 137 241 242 245 302 308 338
3qpbK 34 35 51 52 55 73 94 116 117 118 119 187 218 219 220
3s6yB 70 71 72 74 78 79 80 99
3oaeD 37 38 120 248 252 255 260 267 268
1gxoA 72 206 208 278 292 307 310 311 312
1t10A 203 206 255 256 257 258 261 264
2brsB 84 87 102 105 108
3envA 23 45 46 99 100 137 145
1rwhA 123 124 125 168 173 182 232 240 241 295 299 409 411 464
2dwpA 43 71 74 87 98 125 126 127 132 189 193 252 259 264 265 322 333 347 351 362 388 389 392 440
3b8yB 143 223 226 228 248 251 253 254 255 256 277 311 316 323
1lbyB 84 85 154 155 169 170 171 190 199
2z8sA 140 143 325 363 414 496 497 557
3chbG 11 12 13 33 34 58
2vgbA 427 428 429 430 432 433 478 485 510 512 513 514 515 516 517 518
4pfkA 124 125 126 168 169 170 221 248 251
2rdgA 129 164 165 166 167 178 181
1w20C 36 37 69 70 97 141 143 165 195 196 211 213 286 289 290 291 318 319 320 321 324 352
1i1dB 28 29 99 100 101 134 135 144 159
3im0A 49 91 103 104 105 115 127 129 146 219 221 222
2pocA 57 58 59 60 104 105 106 109 245
1c47A 18 21 115 128 290 291 355 374 376 387 501 513
1zba1 192 194
2nztA 69 72 73 138 140 194 214 216 217 398 399 400 433 434 517 520 521 586 588 642 662 664 665 846 847 848 881 882
2c25A 102 108 110 115 134 135 136 139 158 163 164 165 170 189 190 213 219 220 221 245 246 250
1up7D 13 88 104 141 163 164 165 193 242 262 266 290 291 292 295
3dklA 39 195 310 312 352 382 383 391 399 414 422
3bjeA 33 49 50 53 73 94 144 146 147 249 291 292 293
1ojpA 68 124 239 240 243 294 295 298
1gz5A 8 19 20 21 22 75 129 130 131 153 154 261 299
3njvA 46 52 104 106 110 138 150 204 209 448 449 450 454
3f5aA 199 200 201 202 203
3r4sB 290 308 310 319 345 346 347 348 349
2rftA 138 139 140 159 192 196 200 239
1jlsA 146 148
1lthT 157 169 170 172 174 257
3oscA 61 95 96 97 115 117 143 144 145 146 147 148 149 150 151
2fkmX 15 106 116 244 245 283 304 305 306 323 325 327 419 421 422 423
3inaA 19 20 21 38 39 40 70 71 72 80 82 84 110 145 148 155 184 222 223 224 225 226 233 238 240 251 254 256 258 259 350 352 356 358
1w8sH 21 23 24 27 28 145 147 176 178 201 202 203 228 229 230 231
2eweA 128 159 161 165 169 171 189 192 195 215 216 217 220 222 244 267
2zaaA 14 16 24 58 59 60 61 65 69 77 108 110 118 119 121 124 137 197 199 203 205
3fb1A 33 34 85 87 89 116 117 160 201 220 221 258 261
1zvwA 105 106 108 109 110 116 117 118 119 134 137 138 139 140 141 142 145 146 251
5fbpA 19 20 23 25 26 27 28 29 111 112 120 124 139 159 176 211 214 242 243 245 246 247 263 273 274 279
3bxgA 62 63 64 65 66 92 94 154 155 156 161 164 165 183 184 185 224
1t8uB 26 49 51 55 82 83 117 118 120 121 124 125 148 149 150
2rl9B 44 65 101 102 103 104 110 132 134 142
3gpbA 70 133 134 135 138 192 195 241 283 308 309 376 454 483 572 573 671 672 673 674
1fcvA 19 20 54 112 183 300 302 303
2ps1B 29 74 75 76 105 109 111 131 132 133 134 135 136 137 138 139
3nv4A 49 69
1d0kA 55 58 80 81 120 121 122 124 148 151 178 185 187 298 299
1on8B 143 155 175 246 251 252 255
2vhlB 144 145 146 201 224 225 226 257 280 312 313 314 315
3ot9A 135 136 158 160 162 199 201 212 216 244
1uqzA 160 199 339
1ww5C 44 60 64 71 73 81 84
1h5rA 88 108 145 146 161 162 172 173 174 176 196 199 200 223
1fq9A 12 13 104 105 110 114 119 120 121
2hrlA 8 106 113 114 115 117
2nzuG 19 20 21 22 168 194 195 196 221 222 224 226
2pyhB 148 194 195 198 200 224 226 227 254 277
1dbnB 44 103 104 105 106
1ur9A 9 50 95 96 141 143 183 211 213 214 291 293 402
2hrrB 31 57 58 61 62 63 97 241 256
3phzA 29 30 31 73 82 84 86
3h72B 30 31 49 55 99 100 117 125 126 273 281 285 330 346 378 404 435
